#Walls : p0.x; p0.y; v_dir.x; v_dir.y; d; door_pos; door_size

#0; 0; 0; 1; 2000; 0; 0;
#0; 0; 1; 0; 2000; 0; 0;

#900; 0; 0; 1; 2000; 0; 0;
#0; 900; 1; 0; 2000; 0; 0;

#400; 0; 0; 1; 900; 0.5; 100;
#500; 0; 0; 1; 900; 0.5; 100;

#0; 400; 1; 0; 900; 0.5; 100;
#0; 500; 1; 0; 900; 0.5; 100;

#800; -100; 0; 1; 800; 0.5; 30;
#400; 250; 1; 0; 400; 1; 0;
9000; 350; 1; 0; 400; 1; 0;

A

#Pylons : pos.x; pos.y; radius

#280; 250; 10;
#730; 400; 20;
#770; 300; 10;
#570; 300; 8;
#370; 300; 18;
#440; 320; 12;
#440; 280; 12;

450; 400; 10;

420; 450; 20;
480; 450; 20;

#450; 450; 10;
#500; 450; 10;
#550; 450; 10;
#450; 400; 10;
#450; 350; 10;

A
